FIRST POPULATION ORDERED BY MAKESPAN
[5, 7, 1, 0, 0, 3, 7, 6, 3, 0, 5, 3, 2, 6, 4, 7, 2, 5, 4, 2, 1, 6, 7, 3] (188, 3)
[6, 7, 0, 4, 0, 5, 4, 0, 4, 7, 6, 1, 3, 6, 7, 2, 2, 1, 3, 6, 6, 0, 3, 1] (197, 6)
[3, 2, 2, 2, 7, 0, 3, 7, 4, 7, 7, 5, 0, 4, 3, 2, 0, 0, 6, 3, 1, 6, 4, 4] (199, 4)
[1, 6, 1, 4, 1, 2, 2, 0, 7, 3, 7, 2, 7, 5, 6, 3, 0, 7, 4, 3, 0, 5, 2, 6] (209, 2)
[5, 0, 3, 2, 0, 5, 4, 7, 1, 5, 2, 4, 6, 0, 1, 0, 4, 6, 7, 3, 6, 6, 0, 3] (231, 0)
[6, 0, 0, 7, 1, 3, 1, 1, 1, 4, 0, 3, 2, 6, 3, 1, 5, 7, 3, 7, 6, 6, 2, 3] (235, 1)
[4, 7, 2, 5, 6, 0, 5, 2, 3, 1, 6, 5, 2, 2, 1, 3, 3, 3, 7, 1, 2, 4, 2, 2] (236, 2)
[5, 1, 0, 7, 4, 2, 4, 4, 7, 7, 0, 7, 4, 5, 7, 0, 0, 7, 6, 2, 3, 6, 1, 2] (238, 7)
[2, 5, 3, 7, 6, 2, 3, 6, 3, 1, 6, 2, 6, 2, 2, 4, 5, 5, 4, 2, 2, 1, 0, 4] (270, 2)
[3, 1, 6, 0, 6, 7, 3, 7, 2, 7, 7, 2, 5, 2, 0, 2, 3, 3, 7, 4, 5, 3, 7, 6] (301, 7)
TAMANHO DA POPULACAO APOS RECUPERAR MELHORES VALORES: 7
QUANTIDADE DE INDIVIDUOS QUE SERAO GERADOS: 3
PROBABILISTC MATRIX
[0, 1, 0, 1, 1, 2, 2, 0]
[2, 0, 1, 0, 0, 0, 1, 3]
[2, 2, 2, 1, 0, 0, 0, 0]
[1, 0, 2, 0, 2, 1, 0, 1]
[3, 2, 0, 0, 0, 0, 1, 1]
[2, 0, 1, 2, 0, 2, 0, 0]
[0, 1, 1, 1, 2, 1, 0, 1]
[2, 1, 1, 0, 0, 0, 1, 2]
[0, 2, 0, 2, 2, 0, 0, 1]
[1, 1, 0, 1, 1, 1, 0, 2]
[1, 0, 1, 0, 0, 1, 2, 2]
[0, 1, 1, 2, 1, 2, 0, 0]
[1, 0, 3, 1, 0, 0, 1, 1]
[1, 0, 1, 0, 1, 1, 3, 0]
[0, 2, 0, 2, 1, 0, 1, 1]
[1, 1, 2, 2, 0, 0, 0, 1]
[2, 0, 2, 1, 1, 1, 0, 0]
[1, 1, 0, 1, 0, 1, 1, 2]
[0, 0, 0, 2, 2, 0, 1, 2]
[0, 1, 1, 3, 0, 0, 1, 1]
[1, 2, 1, 0, 0, 0, 3, 0]
[1, 0, 0, 0, 1, 1, 4, 0]
[1, 0, 3, 1, 1, 0, 0, 1]
[0, 1, 1, 3, 1, 0, 1, 0]
GENERATING THE NEW INDIVIDUALS AND ADDING TO THE NEW POPULATION
new individual: [6, 2, 2, 0, 6, 5, 5, 1, 1, 0, 7, 3, 7, 0, 4, 3, 0, 0, 7, 3, 6, 6, 7, 3]
new individual: [1, 6, 0, 7, 7, 5, 2, 6, 7, 7, 7, 1, 7, 0, 1, 1, 3, 7, 3, 1, 0, 4, 2, 4]
new individual: [3, 0, 1, 2, 0, 3, 4, 2, 4, 5, 2, 3, 0, 2, 3, 3, 5, 5, 4, 7, 1, 6, 3, 3]
NEW POPULATION ORDERED BY MAKESPAN
[5, 7, 1, 0, 0, 3, 7, 6, 3, 0, 5, 3, 2, 6, 4, 7, 2, 5, 4, 2, 1, 6, 7, 3] (188, 3)
[6, 7, 0, 4, 0, 5, 4, 0, 4, 7, 6, 1, 3, 6, 7, 2, 2, 1, 3, 6, 6, 0, 3, 1] (197, 6)
[3, 2, 2, 2, 7, 0, 3, 7, 4, 7, 7, 5, 0, 4, 3, 2, 0, 0, 6, 3, 1, 6, 4, 4] (199, 4)
[6, 2, 2, 0, 6, 5, 5, 1, 1, 0, 7, 3, 7, 0, 4, 3, 0, 0, 7, 3, 6, 6, 7, 3] (200, 7)
[1, 6, 1, 4, 1, 2, 2, 0, 7, 3, 7, 2, 7, 5, 6, 3, 0, 7, 4, 3, 0, 5, 2, 6] (209, 2)
[5, 0, 3, 2, 0, 5, 4, 7, 1, 5, 2, 4, 6, 0, 1, 0, 4, 6, 7, 3, 6, 6, 0, 3] (231, 0)
[6, 0, 0, 7, 1, 3, 1, 1, 1, 4, 0, 3, 2, 6, 3, 1, 5, 7, 3, 7, 6, 6, 2, 3] (235, 1)
[4, 7, 2, 5, 6, 0, 5, 2, 3, 1, 6, 5, 2, 2, 1, 3, 3, 3, 7, 1, 2, 4, 2, 2] (236, 2)
[1, 6, 0, 7, 7, 5, 2, 6, 7, 7, 7, 1, 7, 0, 1, 1, 3, 7, 3, 1, 0, 4, 2, 4] (288, 7)
[3, 0, 1, 2, 0, 3, 4, 2, 4, 5, 2, 3, 0, 2, 3, 3, 5, 5, 4, 7, 1, 6, 3, 3] (329, 3)
NEW POPULATION SIZE: 10
False
